11396
12152
13144
15296
15329
15468
15768
16117
16859
17049
17521
17753
17932
18139
18528
18540
18611
11928
12680
15240
15533
15655
16286
16483
16649
16840
17013
17081
17087
17109
17130
17167
17193
17372
17475
17543
17666
17701
17754
17835
18055
18249
18372
18559
18596
18653
18655
18694
12116
12134
12153
12972
16428
16488
16640
16929
17053
17071
17221
17812
17921
18015
18282
18349
18355
18529
18687
18856
19031
19043
12994
13117
17054
17072
17115
17175
17369
17629
17922
17923
18382
18666
19052
16826
17229
17671
18134
18153
18208
18241
18266
11921
11952
11971
16810
17068
17160
17162
17264
17333
18294
16548
17486
18983
12107
12545
12546
12993
13142
11834
11885
11654
11844
11892
11511
11900
1117
11907
11875
17111
