1046
1263
1281
1308
1874
1890
11573
11653
11841
11880
1110
1111
1123
1210
11602
11609
11656
11769
11787
11798
11806
11833
11893
11930
11942
898
1102
1118
1558
1650
1835
11373
11429
11666
11683
11854
12007
1923
11305
11309
11349
11423
11489
11496
11501
11572
11817
11947
1290
11424
11449
11451
11457
11494
11794
11446
11801
1107
11819
1115
11464
11580
11808
11581
11589
849
11312
11606
11626
11810
11820
11845
11851
11873
11874
11881
11912
11903
11837
11840
11397
11405
11334
11513
11321
11395
11748
11931
1038
11122
11234
11288
11322
11456
11469
11627
11770
11859
11904
1039
1319
11238
11286
11300
11317
11318
11320
11323
11363
11470
11514
11566
11856
11894
11118
11121
11143
11149
11156
11237
11241
11245
11287
11354
11382
11165
11254
11304
11471
11811
11849
11876
11882
1092
1707
11410
11443
11793
11814
11815
11828
11829
11831
11858
11865
11868
11871
11878
1406
1607
1851
2193
11120
11402
11444
11823
11824
11826
11827
11843
11846
11848
11860
11884
11918
11920
11144
11160
11492
11800
11830
11832
11869
