SNP	CHR	BP	P	locus
rs58120505	7	2029867	6.265E-28	1
rs1790135	12	123669235	6.908E-24	2
rs12571643	10	104520277	1.246E-23	3
rs4702	15	91426560	1.757E-23	4
rs2710323	3	52815905	3.175E-22	5
rs4298967	12	2408194	1.279E-21	6
rs13107325	4	103188709	1.919E-21	7
rs2139054	2	58156583	1.045E-20	8
rs7779548	7	137074540	1.821E-19	9
rs4950119	1	98491248	8.363E-19	10
rs2902858	11	46524013	2.69E-18	11
rs2190873	14	72424905	2.124E-17	12
rs71312200	3	180729148	2.336E-17	13
rs4129585	8	143312933	2.506E-17	14
rs35274762	7	86412221	5.91E-17	15
rs7709645	5	60731458	6.109E-17	16
rs4766428	12	110723245	8.11E-17	17
rs12042444	1	73988149	8.532E-17	18
rs3740400	10	104629465	1.007E-16	19
rs11680723	2	200810957	1.052E-16	20
rs2970610	1	44097530	2.507E-16	21
rs778371	2	233743109	2.8E-16	22
rs1006945	20	37458009	3.3E-16	23
rs12471454	2	200014483	5.792E-16	24
rs7893279	10	18745105	6.545E-16	25
rs55858161	18	77653508	7.552E-16	26
rs56335113	1	30427639	1.061E-15	27
rs3813567	15	78934551	1.422E-15	28
rs12498839	4	176731401	3.239E-15	29
rs61902811	11	113370758	5.332E-15	30
rs10935184	3	136153468	7.934E-15	31
rs4936215	11	133852684	1.107E-14	32
rs61937595	12	57682956	1.531E-14	33
rs9607782	22	41587556	1.69E-14	34
rs10035564	5	45252500	1.704E-14	35
rs8101499	19	19476984	1.773E-14	36
rs9925915	16	29993686	2.508E-14	37
rs73219806	8	26279173	2.711E-14	38
rs17731	10	3821561	2.945E-14	39
rs11587347	1	239198959	4E-14	40
rs7803571	7	110993511	4.488E-14	41
rs35360904	18	52751297	5.404E-14	42
rs10873538	14	104255569	6.142E-14	43
rs16851048	1	177276006	8.28E-14	44
rs2914983	2	198314568	9.726E-14	45
rs74914300	18	53010348	1.042E-13	46
rs9636107	18	53200117	1.065E-13	47
rs732381	22	40051166	1.171E-13	48
rs2057884	7	104930250	1.493E-13	49
rs11632947	15	61852732	1.639E-13	50
rs11638554	15	85148231	1.679E-13	51
rs12925872	16	13752356	1.869E-13	52
rs3016384	11	132573390	1.924E-13	53
rs62334820	4	176855221	2.253E-13	54
rs4759374	12	123782957	2.329E-13	55
rs7238071	18	77579812	2.478E-13	56
rs11083369	18	27481687	3.054E-13	57
rs11693094	2	185601420	3.201E-13	58
rs140001745	2	201199831	3.457E-13	59
rs12541	11	124623492	3.774E-13	60
rs7251	19	50162909	3.793E-13	61
rs68002929	2	146419989	5.518E-13	62
rs61833239	1	244010441	5.648E-13	63
rs893949	11	134296384	7.276E-13	64
rs12991836	2	145141541	8.19E-13	65
rs72802887	5	152249082	8.529E-13	66
rs324017	12	57487814	9.118E-13	67
rs11711948	3	181188505	1.075E-12	68
rs2494638	1	2372133	1.232E-12	69
rs12883788	14	33303540	1.297E-12	70
rs3770752	2	37576136	1.741E-12	71
rs7807720	7	110073755	2.061E-12	72
rs73229090	8	27442127	2.443E-12	73
rs4937935	11	134580591	2.985E-12	74
rs959071	17	19142226	4.048E-12	75
rs9545047	13	79859456	4.123E-12	76
rs715170	18	53795514	5.112E-12	77
rs5751191	22	42370991	6.922E-12	78
rs77502336	11	123394636	6.942E-12	79
rs4658401	1	243803979	6.97E-12	80
rs6938026	6	43185733	7.232E-12	81
rs177001	5	152610561	9.909E-12	82
rs13090130	3	161777035	1.037E-11	83
rs9674103	16	9909123	1.131E-11	84
rs505061	9	22767164	1.286E-11	85
rs61405217	4	170322312	1.433E-11	86
8:4180090_T_A	8	4180090	1.45E-11	87
rs17194490	3	2547786	1.532E-11	88
rs187653	5	137882698	1.729E-11	89
rs79210963	7	24717969	1.859E-11	90
rs13016542	2	145183851	1.885E-11	91
rs35734242	4	706700	2.238E-11	92
rs4328688	20	37352558	2.528E-11	93
rs6471815	8	60698795	2.711E-11	94
rs7830315	8	65608361	3.336E-11	95
rs4043663	8	89275232	3.628E-11	96
rs1399551	3	80548877	4.506E-11	97
rs12363019	11	24374545	5.906E-11	98
rs1593304	7	131619847	5.914E-11	99
rs2929278	15	44250313	6.006E-11	100
rs12190758	6	93148341	6.015E-11	101
rs11165846	1	97819667	6.452E-11	102
rs298216	8	65293195	6.786E-11	103
rs10767735	11	28642561	7.15E-11	104
rs302317	12	29921443	7.868E-11	105
rs10906984	15	83366296	8.035E-11	106
rs1866862	3	16868616	8.498E-11	107
rs9597388	13	56928696	8.978E-11	108
rs1540840	14	99733384	9.654E-11	109
rs217310	6	84364565	9.935E-11	110
rs2696466	17	44289832	1.014E-10	111
rs59498392	8	38260433	1.104E-10	112
rs72934602	18	53568458	1.127E-10	113
rs2238304	15	89843950	1.417E-10	114
rs72974238	2	225432470	1.626E-10	115
rs2278515	2	201282338	1.782E-10	116
rs61857878	10	92789488	1.837E-10	117
rs167924	3	107379837	1.844E-10	118
rs8048039	16	4498486	1.979E-10	119
rs11619756	13	44329004	2.04E-10	120
rs6125656	20	48090779	2.197E-10	121
rs17571951	14	30017039	2.327E-10	122
rs2944821	7	71795998	2.509E-10	123
rs2252865	1	8422676	2.756E-10	124
rs7701188	5	88744550	2.814E-10	125
rs10086619	8	111580570	2.972E-10	126
rs13080668	3	53443354	3.185E-10	127
rs4678552	3	36844522	3.192E-10	128
rs10894308	11	130891895	3.59E-10	129
rs72723227	5	7245664	3.764E-10	130
rs6804677	3	17856693	3.838E-10	131
rs16940992	12	111207515	4.443E-10	132
rs9398171	6	108983527	4.481E-10	133
rs645383	1	36373823	4.61E-10	134
rs7933981	11	113438068	4.649E-10	135
rs1454606	4	33642614	5.002E-10	136
rs77622099	2	58217344	5.047E-10	137
rs9569820	13	58702746	5.157E-10	138
rs61828917	1	173580303	5.198E-10	139
rs11241041	5	109183341	5.35E-10	140
rs28454198	4	80204001	5.972E-10	141
rs72986630	19	11849736	6.313E-10	142
rs62152282	2	104981749	6.396E-10	143
rs56282503	15	40566759	6.628E-10	144
rs6430491	2	134840967	6.705E-10	145
rs12138231	1	150115398	7.372E-10	146
rs12943566	17	2157774	7.851E-10	147
rs1924378	13	38361744	8.017E-10	148
rs115037896	5	49545069	9.04E-10	149
rs6538539	12	95195293	9.131E-10	150
rs75329315	17	1245442	9.376E-10	151
rs8134737	21	16439965	9.483E-10	152
rs815609	5	153516901	1.063E-09	153
rs4793888	17	55737740	1.124E-09	154
rs12442456	15	78751962	1.152E-09	155
rs6588168	1	66324118	1.167E-09	156
rs6461561	7	21474610	1.216E-09	157
rs13233308	7	87244960	1.23E-09	158
rs6504163	17	61545779	1.234E-09	159
rs11076631	16	89877975	1.329E-09	160
rs2387414	19	51034243	1.396E-09	161
rs2649999	12	121380544	1.454E-09	162
rs1396728	2	22697499	1.628E-09	163
rs34879738	5	90272197	1.766E-09	164
rs2119242	10	21344773	1.767E-09	165
rs3764002	12	108618630	1.788E-09	166
rs6925079	6	64946311	1.812E-09	167
rs7113199	11	134247187	1.932E-09	168
rs62183855	2	172956449	1.97E-09	169
rs2914025	5	90987296	1.97E-09	170
rs7592902	2	37136036	2.023E-09	171
rs1856507	6	73157926	2.229E-09	172
rs61789527	1	97146047	2.282E-09	173
rs72978184	18	77542016	2.524E-09	174
rs7699241	4	166204489	2.756E-09	175
rs653765	15	59042012	3.092E-09	176
rs79212538	5	151993104	3.159E-09	177
rs8084351	18	50726559	3.18E-09	178
rs7515363	1	200414959	3.425E-09	179
rs246024	5	140333952	3.536E-09	180
rs62278591	3	161444453	3.56E-09	181
rs999494	2	73157395	3.618E-09	182
rs61786047	1	29032580	3.753E-09	183
rs9322058	6	146736408	3.992E-09	184
rs708228	11	57585662	3.992E-09	185
rs2236989	3	50505395	4.028E-09	186
rs10148671	14	29469373	4.139E-09	187
rs61924144	12	72258821	4.147E-09	188
rs215483	4	23377121	4.228E-09	189
rs322124	19	11399372	4.534E-09	190
rs4672366	2	60389362	4.578E-09	191
rs28521069	4	118852986	4.685E-09	192
rs11862968	16	68414975	4.715E-09	193
rs1589726	7	79348201	4.879E-09	194
rs12652777	5	155775075	5.102E-09	195
rs10157075	1	84210463	5.264E-09	196
rs7575796	2	97746526	5.307E-09	197
rs650520	13	38868178	5.653E-09	198
rs2349487	7	8565024	5.71E-09	199
rs252812	5	106735490	5.772E-09	200
rs11209828	1	72175700	5.849E-09	201
rs59971314	3	63914618	5.877E-09	202
rs7604885	2	162806408	5.942E-09	203
rs7293493	5	46028851	5.955E-09	204
rs9896486	17	1252843	6.246E-09	205
rs2686386	12	121639657	6.279E-09	206
rs12126806	1	200963825	6.912E-09	207
rs619091	11	133884137	7.043E-09	208
rs9687282	5	139065988	7.338E-09	209
rs1545660	13	54451624	7.36E-09	210
rs7900775	10	106600343	7.449E-09	211
rs9603649	13	40506082	7.473E-09	212
rs11191373	10	104463676	8.19E-09	213
rs4697446	4	24269622	8.281E-09	214
rs578470	12	50463325	8.418E-09	215
rs61920311	12	14423294	8.7E-09	216
rs6546857	2	73837955	8.702E-09	217
rs13293831	9	129665139	8.725E-09	218
rs2600490	8	1024114	8.811E-09	219
rs7141857	14	84664288	9.135E-09	220
rs10985811	9	101070487	9.334E-09	221
rs337718	18	69774278	9.408E-09	222
rs6479494	9	96330499	9.568E-09	223
rs61952922	12	122520575	9.7E-09	224
rs144821294	19	2155136	9.802E-09	225
rs3900555	1	61063225	9.947E-09	226
rs39967	5	57744788	1.009E-08	227
rs7531138	1	97923499	1.04E-08	228
rs11647188	16	82648514	1.077E-08	229
rs1434281	8	103671080	1.083E-08	230
rs34181670	2	28019856	1.128E-08	231
rs6989793	8	9744650	1.185E-08	232
rs498591	9	14509105	1.361E-08	233
rs12315638	12	75340402	1.369E-08	234
rs7648272	3	176791626	1.371E-08	235
rs3810450	19	36530562	1.374E-08	236
rs876983	8	18407858	1.421E-08	237
rs76462269	22	42680201	1.428E-08	238
rs79445414	8	33863561	1.437E-08	239
rs758749	19	57189718	1.485E-08	240
rs7811528	7	2702816	0.000000015	241
rs220520	20	37278946	1.516E-08	242
rs1604060	3	117772036	1.553E-08	243
rs61973697	13	102022648	1.566E-08	244
rs6010045	22	51103091	1.603E-08	245
rs1144403	11	104677870	1.607E-08	246
rs10777187	12	89940502	1.622E-08	247
rs12476312	2	228983498	1.676E-08	248
rs10861176	12	104631552	1.739E-08	249
rs11263770	17	34896877	1.743E-08	250
rs244908	16	58665389	1.833E-08	251
rs329647	11	133764666	1.854E-08	252
rs9470670	6	11988081	1.908E-08	253
rs12950148	17	12872802	1.918E-08	254
rs1881046	2	156835793	1.92E-08	255
rs11715134	3	50552866	1.947E-08	256
rs17247190	2	2315801	2.152E-08	257
rs2241033	16	90109372	2.227E-08	258
rs6484367	11	28387459	2.277E-08	259
rs229362	21	22116499	2.324E-08	260
rs117145318	12	110229434	2.392E-08	261
rs2381411	9	36319928	2.423E-08	262
rs12877581	13	74325499	2.441E-08	263
rs12432904	14	103812320	2.503E-08	264
rs3006926	1	243655452	2.529E-08	265
rs1463209	12	39518293	2.532E-08	266
rs72761691	9	134786548	2.564E-08	267
rs11227250	11	65438345	2.635E-08	268
rs11057413	12	124489162	2.644E-08	269
rs7681616	4	143806223	2.703E-08	270
rs10860960	12	103594062	2.804E-08	271
rs9390083	6	143647665	3.027E-08	272
rs9454725	6	69989413	3.148E-08	273
rs4653164	1	36627542	3.163E-08	274
rs117178087	6	96464060	3.348E-08	275
rs7804966	7	23904760	3.38E-08	276
rs3909258	17	19945819	3.51E-08	277
rs345906	2	8689731	3.535E-08	278
rs2078266	9	138378856	3.673E-08	279
rs7464611	8	144933453	3.684E-08	280
rs2890914	9	10239181	3.731E-08	281
rs35026989	2	155921286	3.805E-08	282
rs9459170	6	165061435	3.832E-08	283
rs10173857	2	174951182	3.836E-08	284
rs35531336	7	133438132	3.841E-08	285
rs113899647	10	64850074	3.904E-08	286
rs7913461	10	105001325	3.959E-08	287
rs11129383	3	30106169	3.977E-08	288
rs2267921	3	52491046	3.989E-08	289
rs28482891	4	47218926	4.006E-08	290
rs10559	1	153920564	4.024E-08	291
rs4339716	9	82279449	4.033E-08	292
rs740076	5	137788607	4.128E-08	293
rs10808292	7	137103538	0.000000043	294
rs12521434	5	60548959	4.323E-08	295
rs2033996	2	76284826	4.326E-08	296
rs9487653	6	111822689	4.399E-08	297
rs55648125	6	50816718	4.424E-08	298
rs7902292	10	123903556	4.432E-08	299
rs12671608	7	153524115	4.44E-08	300
rs59518103	4	19896708	4.513E-08	301
rs1023330	1	95586773	4.625E-08	302
rs80249955	6	69279811	4.629E-08	303
rs72943392	11	81178838	4.711E-08	304
rs11064369	12	6866827	4.921E-08	305
rs6946576	7	139018309	4.936E-08	306
rs1464492	12	74540895	4.986E-08	307
