LOCUS	CHR	START	END
1	7	1029867	3029867
2	10	103793904	105793904
3	15	90426560	92426560
4	12	122676763	124676763
5	12	1330458	3330458
6	3	51815905	53815905
7	2	57143438	59143438
8	4	102188709	104188709
9	1	97552832	99552832
10	7	136073259	138073259
11	8	142316970	144316970
12	3	179733150	181733150
13	12	109723245	111723245
14	2	199816382	201816382
15	7	85403263	87403263
16	2	198990107	200990107
17	2	232743109	234743109
18	14	71416219	73416219
19	1	43100084	45100084
20	1	72768366	74768366
21	11	45343189	47343189
22	18	76632194	78632194
23	5	44252500	46252500
24	11	132852684	134852684
25	5	59620980	61620980
26	1	29427639	31427639
27	3	135288405	137288405
28	15	77868398	79868398
29	11	112392994	114392994
30	16	28994922	30994922
31	14	103255569	105255569
32	10	17726326	19726326
33	2	197314568	199314568
34	7	103594253	105594253
35	12	56682956	58682956
36	20	36453194	38453194
37	19	49168927	51168927
38	12	122716466	124716466
39	18	52200117	54200117
40	22	40587556	42587556
41	19	18497669	20497669
42	4	175869252	177869252
43	11	123633640	125633640
44	18	76579812	78579812
45	4	175731401	177731401
46	7	110078912	112078912
47	1	238198959	240198959
48	2	184601420	186601420
49	2	144141541	146141541
50	22	41370991	43370991
51	15	60872197	62872197
52	15	84148231	86148231
53	10	2821561	4821561
54	18	52010348	54010348
55	8	26442127	28442127
56	18	52795514	54795514
57	11	131572894	133572894
58	3	180188505	182188505
59	1	1373168	3373168
60	16	12753384	14753384
61	1	176276006	178276006
62	10	103214267	105214267
63	2	144183851	146183851
64	18	51751708	53751708
65	8	25250047	27250047
66	17	18148305	20148305
67	5	151323236	153323236
68	1	96834691	98834691
69	2	200199831	202199831
70	1	243010441	245010441
71	22	39051166	41051166
72	5	151610561	153610561
73	14	32303540	34303540
74	15	43250313	45250313
75	5	136892170	138892170
76	2	145425531	147425531
77	8	59700469	61700469
78	3	52443354	54443354
79	8	3180090	5180090
80	3	1547786	3547786
81	18	26500959	28500959
82	7	109069015	111069015
83	12	56487814	58487814
84	6	42160375	44160375
85	11	133580591	135580591
86	11	133290032	135290032
87	7	23717969	25717969
88	2	36576136	38576136
89	6	92077500	94077500
90	4	32642614	34642614
91	13	78859456	80859456
92	13	55928696	57928696
93	8	110580570	112580570
94	11	122394636	124394636
95	12	28933069	30933069
96	3	35858583	37858583
97	4	169322312	171322312
98	10	103943993	105943993
99	3	160777035	162777035
100	9	21767164	23767164
101	15	88843950	90843950
102	17	11875908	13875908
103	2	57141065	59141065
104	17	1157774	3157774
105	7	130619847	132619847
106	18	52568458	54568458
107	11	23374545	25374545
108	5	108146775	110146775
109	17	43265839	45265839
110	2	224454907	226454907
111	20	47105317	49105317
112	6	72157926	74157926
113	19	10849736	12849736
114	8	37257506	39257506
115	16	8939960	10939960
116	8	88283689	90283689
117	2	200297861	202297861
118	17	54737740	56737740
119	6	83293271	85293271
120	4	-293300	1706700
121	3	49471408	51471408
122	15	82368738	84368738
123	8	64605878	66605878
124	2	103984277	105984277
125	15	39567237	41567237
126	3	16871326	18871326
127	11	27642381	29642381
128	12	94195293	96195293
129	1	65324118	67324118
130	1	242717592	244717592
131	17	265325	2265325
132	13	57702746	59702746
133	3	79814042	81814042
134	2	133841002	135841002
135	5	48478710	50478710
136	1	7418644	9418644
137	14	29017039	31017039
138	1	172580303	174580303
139	19	50034243	52034243
140	3	62874734	64874734
141	3	15865845	17865845
142	6	107988184	109988184
143	2	21749726	23749726
144	5	139163328	141163328
145	9	13509105	15509105
146	14	98733384	100733384
147	2	36215607	38215607
148	3	59293004	61293004
149	5	90006918	92006918
150	12	120380544	122380544
151	1	35375110	37375110
152	11	129891895	131891895
153	10	91789488	93789488
154	20	36489569	38489569
155	4	22377121	24377121
156	11	56493622	58493622
157	12	107618630	109618630
158	21	15439883	17439883
159	17	60545779	62545779
160	4	79204001	81204001
161	7	70795998	72795998
162	12	71231313	73231313
163	5	87854539	89854539
164	19	10402416	12402416
165	7	20534152	22534152
166	11	46371598	48371598
167	2	27033538	29033538
168	6	145739228	147739228
169	11	112451229	114451229
170	16	88877975	90877975
171	18	49746748	51746748
172	2	72837955	74837955
173	5	44890282	46890282
174	8	143870701	145870701
175	1	199383087	201383087
176	12	38518293	40518293
177	3	160487491	162487491
178	1	96168334	98168334
179	13	37860697	39860697
180	8	64293195	66293195
181	1	71174197	73174197
182	14	102812320	104812320
183	2	1327295	3327295
184	16	3498486	5498486
185	18	68774278	70774278
186	5	152680747	154680747
187	8	102676605	104676605
188	5	6245664	8245664
189	1	28032580	30032580
190	12	103631552	105631552
191	14	28469373	30469373
192	1	97304427	99304427
193	1	149115398	151115398
194	7	69773271	71773271
195	13	43329004	45329004
196	19	35530562	37530562
197	6	164059966	166059966
198	8	24114	2024114
199	18	76541421	78541421
200	13	37362106	39362106
201	3	175790116	177790116
202	5	89278217	91278217
203	7	137599980	139599980
204	2	72157395	74157395
205	5	154775075	156775075
206	2	59389362	61389362
207	9	133786548	135786548
208	7	131929804	133929804
209	11	27387459	29387459
210	2	171974789	173974789
211	11	64383755	66383755
212	12	102600131	104600131
213	7	78348201	80348201
214	19	1155136	3155136
215	12	120639657	122639657
216	14	83673716	85673716
217	3	70563777	72563777
218	9	35319928	37319928
219	5	105735490	107735490
220	3	106379837	108379837
221	10	20344773	22344773
222	9	95237373	97237373
223	4	142882545	144882545
224	11	80178838	82178838
225	2	75267139	77267139
226	21	21120508	23120508
227	7	7549187	9549187
228	2	96746526	98746526
229	12	123486851	125486851
230	5	138065988	140065988
231	4	23269622	25269622
232	12	110207515	112207515
233	22	40027819	42027819
234	12	13423294	15423294
235	22	50103091	52103091
236	5	56744788	58744788
237	6	69003389	71003389
238	3	29072307	31072307
239	5	150993104	152993104
240	11	132884137	134884137
241	1	114309590	116309590
242	2	192925069	194925069
243	17	18942177	20942177
244	9	128940645	130940645
245	9	9239181	11239181
246	1	5768856	7768856
247	12	49463325	51463325
248	10	17549016	19549016
249	16	57659808	59659808
250	16	65942206	67942206
251	3	49552866	51552866
252	9	100070487	102070487
253	22	41248289	43248289
254	14	71428634	73428634
255	8	32863561	34863561
256	18	76748972	78748972
257	12	88940502	90940502
258	11	132764666	134764666
259	1	199963825	201963825
260	5	87091950	89091950
261	6	142647665	144647665
262	2	47503561	49503561
263	2	161845855	163845855
264	1	152923276	154923276
265	6	95475894	97475894
266	3	116614158	118614158
267	12	121523850	123523850
268	7	126738471	128738471
269	4	89626098	91626098
270	17	11895929	13895929
271	6	63946311	65946311
272	1	49113591	51113591
273	2	154921286	156921286
274	16	81648514	83648514
275	19	30030189	32030189
276	4	117852986	119852986
277	12	109229434	111229434
278	2	173931752	175931752
279	15	33659517	35659517
280	4	102872854	104872854
281	12	91254654	93254654
282	16	88648580	90648580
283	9	76358745	78358745
284	2	24599172	26599172
285	6	127332084	129332084
286	19	56189718	58189718
287	9	137378856	139378856
288	10	63418656	65418656
