LOCUS	CHR	START	END
1	7	1029867	3029867
2	12	122669235	124669235
3	10	103520277	105520277
4	15	90426560	92426560
5	3	51815905	53815905
6	12	1408194	3408194
7	4	102188709	104188709
8	2	57156583	59156583
9	7	136074540	138074540
10	1	97491248	99491248
11	11	45524013	47524013
12	14	71424905	73424905
13	3	179729148	181729148
14	8	142312933	144312933
15	7	85412221	87412221
16	5	59731458	61731458
17	12	109723245	111723245
18	1	72988149	74988149
19	10	103629465	105629465
20	2	199810957	201810957
21	1	43097530	45097530
22	2	232743109	234743109
23	20	36458009	38458009
24	2	199014483	201014483
25	10	17745105	19745105
26	18	76653508	78653508
27	1	29427639	31427639
28	15	77934551	79934551
29	4	175731401	177731401
30	11	112370758	114370758
31	3	135153468	137153468
32	11	132852684	134852684
33	12	56682956	58682956
34	22	40587556	42587556
35	5	44252500	46252500
36	19	18476984	20476984
37	16	28993686	30993686
38	8	25279173	27279173
39	10	2821561	4821561
40	1	238198959	240198959
41	7	109993511	111993511
42	18	51751297	53751297
43	14	103255569	105255569
44	1	176276006	178276006
45	2	197314568	199314568
46	18	52010348	54010348
47	18	52200117	54200117
48	22	39051166	41051166
49	7	103930250	105930250
50	15	60852732	62852732
51	15	84148231	86148231
52	16	12752356	14752356
53	11	131573390	133573390
54	4	175855221	177855221
55	12	122782957	124782957
56	18	76579812	78579812
57	18	26481687	28481687
58	2	184601420	186601420
59	2	200199831	202199831
60	11	123623492	125623492
61	19	49162909	51162909
62	2	145419989	147419989
63	1	243010441	245010441
64	11	133296384	135296384
65	2	144141541	146141541
66	5	151249082	153249082
67	12	56487814	58487814
68	3	180188505	182188505
69	1	1372133	3372133
70	14	32303540	34303540
71	2	36576136	38576136
72	7	109073755	111073755
73	8	26442127	28442127
74	11	133580591	135580591
75	17	18142226	20142226
76	13	78859456	80859456
77	18	52795514	54795514
78	22	41370991	43370991
79	11	122394636	124394636
80	1	242803979	244803979
81	6	42185733	44185733
82	5	151610561	153610561
83	3	160777035	162777035
84	16	8909123	10909123
85	9	21767164	23767164
86	4	169322312	171322312
87	8	3180090	5180090
88	3	1547786	3547786
89	5	136882698	138882698
90	7	23717969	25717969
91	2	144183851	146183851
92	4	0	1706700
93	20	36352558	38352558
94	8	59698795	61698795
95	8	64608361	66608361
96	8	88275232	90275232
97	3	79548877	81548877
98	11	23374545	25374545
99	7	130619847	132619847
100	15	43250313	45250313
101	6	92148341	94148341
102	1	96819667	98819667
103	8	64293195	66293195
104	11	27642561	29642561
105	12	28921443	30921443
106	15	82366296	84366296
107	3	15868616	17868616
108	13	55928696	57928696
109	14	98733384	100733384
110	6	83364565	85364565
111	17	43289832	45289832
112	8	37260433	39260433
113	18	52568458	54568458
114	15	88843950	90843950
115	2	224432470	226432470
116	2	200282338	202282338
117	10	91789488	93789488
118	3	106379837	108379837
119	16	3498486	5498486
120	13	43329004	45329004
121	20	47090779	49090779
122	14	29017039	31017039
123	7	70795998	72795998
124	1	7422676	9422676
125	5	87744550	89744550
126	8	110580570	112580570
127	3	52443354	54443354
128	3	35844522	37844522
129	11	129891895	131891895
130	5	6245664	8245664
131	3	16856693	18856693
132	12	110207515	112207515
133	6	107983527	109983527
134	1	35373823	37373823
135	11	112438068	114438068
136	4	32642614	34642614
137	2	57217344	59217344
138	13	57702746	59702746
139	1	172580303	174580303
140	5	108183341	110183341
141	4	79204001	81204001
142	19	10849736	12849736
143	2	103981749	105981749
144	15	39566759	41566759
145	2	133840967	135840967
146	1	149115398	151115398
147	17	1157774	3157774
148	13	37361744	39361744
149	5	48545069	50545069
150	12	94195293	96195293
151	17	245442	2245442
152	21	15439965	17439965
153	5	152516901	154516901
154	17	54737740	56737740
155	15	77751962	79751962
156	1	65324118	67324118
157	7	20474610	22474610
158	7	86244960	88244960
159	17	60545779	62545779
160	16	88877975	90877975
161	19	50034243	52034243
162	12	120380544	122380544
163	2	21697499	23697499
164	5	89272197	91272197
165	10	20344773	22344773
166	12	107618630	109618630
167	6	63946311	65946311
168	11	133247187	135247187
169	5	89987296	91987296
170	2	171956449	173956449
171	2	36136036	38136036
172	6	72157926	74157926
173	1	96146047	98146047
174	18	76542016	78542016
175	4	165204489	167204489
176	15	58042012	60042012
177	5	150993104	152993104
178	18	49726559	51726559
179	1	199414959	201414959
180	5	139333952	141333952
181	3	160444453	162444453
182	2	72157395	74157395
183	1	28032580	30032580
184	11	56585662	58585662
185	6	145736408	147736408
186	3	49505395	51505395
187	14	28469373	30469373
188	12	71258821	73258821
189	4	22377121	24377121
190	19	10399372	12399372
191	2	59389362	61389362
192	4	117852986	119852986
193	16	67414975	69414975
194	7	78348201	80348201
195	5	154775075	156775075
196	1	83210463	85210463
197	2	96746526	98746526
198	13	37868178	39868178
199	7	7565024	9565024
200	5	105735490	107735490
201	1	71175700	73175700
202	3	62914618	64914618
203	2	161806408	163806408
204	5	45028851	47028851
205	17	252843	2252843
206	12	120639657	122639657
207	1	199963825	201963825
208	11	132884137	134884137
209	5	138065988	140065988
210	13	53451624	55451624
211	10	105600343	107600343
212	13	39506082	41506082
213	10	103463676	105463676
214	4	23269622	25269622
215	12	49463325	51463325
216	12	13423294	15423294
217	2	72837955	74837955
218	9	128665139	130665139
219	8	24114	2024114
220	14	83664288	85664288
221	9	100070487	102070487
222	18	68774278	70774278
223	9	95330499	97330499
224	12	121520575	123520575
225	19	1155136	3155136
226	1	60063225	62063225
227	5	56744788	58744788
228	1	96923499	98923499
229	16	81648514	83648514
230	8	102671080	104671080
231	2	27019856	29019856
232	8	8744650	10744650
233	9	13509105	15509105
234	12	74340402	76340402
235	3	175791626	177791626
236	19	35530562	37530562
237	8	17407858	19407858
238	22	41680201	43680201
239	8	32863561	34863561
240	19	56189718	58189718
241	7	1702816	3702816
242	20	36278946	38278946
243	3	116772036	118772036
244	13	101022648	103022648
245	22	50103091	52103091
246	11	103677870	105677870
247	12	88940502	90940502
248	2	227983498	229983498
249	12	103631552	105631552
250	17	33896877	35896877
251	16	57665389	59665389
252	11	132764666	134764666
253	6	10988081	12988081
254	17	11872802	13872802
255	2	155835793	157835793
256	3	49552866	51552866
257	2	1315801	3315801
258	16	89109372	91109372
259	11	27387459	29387459
260	21	21116499	23116499
261	12	109229434	111229434
262	9	35319928	37319928
263	13	73325499	75325499
264	14	102812320	104812320
265	1	242655452	244655452
266	12	38518293	40518293
267	9	133786548	135786548
268	11	64438345	66438345
269	12	123489162	125489162
270	4	142806223	144806223
271	12	102594062	104594062
272	6	142647665	144647665
273	6	68989413	70989413
274	1	35627542	37627542
275	6	95464060	97464060
276	7	22904760	24904760
277	17	18945819	20945819
278	2	7689731	9689731
279	9	137378856	139378856
280	8	143933453	145933453
281	9	9239181	11239181
282	2	154921286	156921286
283	6	164061435	166061435
284	2	173951182	175951182
285	7	132438132	134438132
286	10	63850074	65850074
287	10	104001325	106001325
288	3	29106169	31106169
289	3	51491046	53491046
290	4	46218926	48218926
291	1	152920564	154920564
292	9	81279449	83279449
293	5	136788607	138788607
294	7	136103538	138103538
295	5	59548959	61548959
296	2	75284826	77284826
297	6	110822689	112822689
298	6	49816718	51816718
299	10	122903556	124903556
300	7	152524115	154524115
301	4	18896708	20896708
302	1	94586773	96586773
303	6	68279811	70279811
304	11	80178838	82178838
305	12	5866827	7866827
306	7	138018309	140018309
307	12	73540895	75540895
